5 20
.0 .0 100 -100 100 5 3 0
.0 .05 100 100 100 5 3 0
.0 .1 100 -100 100 5 3 0
.0 .15 100 100 100 5 3 0
.0 .2 100 -100 100 5 3 65
.0 .25 100 100 100 5 3 0
.0 .3 100 -100 100 5 3 0
.0 .35 100 100 100 5 3 0
.0 .4 100 -100 100 5 3 0
.0 .45 100 100 100 5 3 0
.0 .5 100 -100 100 5 3 0
.0 .55 100 100 100 5 3 0
.0 .6 100 -100 100 5 3 0
.0 .65 100 100 100 5 3 0
.0 .7 100 -100 100 5 3 65
.0 .75 100 100 100 5 3 0
.0 .8 100 -100 100 5 3 0
.0 .85 100 100 100 5 3 0
.0 .9 100 -100 100 5 3 0
.0 .95 100 100 100 5 3 0

3 30
1 1 -100 -75 100 5 3 45
1 1 -25 -50 100 5 3 45
1 1 -25 -75 100 5 3 45
1 1 -75 -75 100 5 3 45
1 1 -100 -75 100 5 3 45
1 1 -10 -75 100 5 3 45
1 1 -100 -55 100 5 3 45
1 1 -100 -75 100 5 3 45
1 1 -100 -75 100 5 3 45
1 1 -100 -75 100 5 3 45
1 1 -75 -75 100 5 3 45
1 1 -25 -75 100 5 3 45
1 1 -25 -90 100 5 3 45
1 1 -25 -75 100 5 3 45
1 1 -25 -75 100 5 3 45
0 0 100 75 100 5 3 45
0 0 25 50 100 5 3 45
0 0 25 75 100 5 3 45
0 0 75 75 100 5 3 45
0 0 100 75 100 5 3 45
0 0 10 75 100 5 3 45
0 0 100 55 100 5 3 45
0 0 100 75 100 5 3 45
0 0 100 75 100 5 3 45
0 0 100 75 100 5 3 45
0 0 75 75 100 5 3 45
0 0 25 75 100 5 3 45
0 0 25 90 100 5 3 45
0 0 25 75 100 5 3 45
0 0 25 75 100 5 3 45

4 30
1 1 -100 75 100 5 3 45
1 1 -25 -50 100 5 3 45
1 1 -25 75 100 5 3 45
1 1 -75 -75 100 5 3 45
1 1 -100 75 100 5 3 45
1 1 -10 -75 100 5 3 45
1 1 -100 55 100 5 3 45
1 1 -100 -75 100 5 3 45
1 1 -100 75 100 5 3 45
1 1 -100 -75 100 5 3 45
1 1 -75 75 100 5 3 45
1 1 -25 -75 100 5 3 45
1 1 -25 90 100 5 3 45
1 1 -25 -75 100 5 3 45
0 0 -100 75 100 5 3 45
0 0 -10 -75 100 5 3 45
0 0 -100 75 100 5 3 45
0 0 -100 -55 100 5 3 45
0 0 -100 -75 100 5 3 45
0 0 -50 75 100 5 3 45
0 0 -10 -75 100 5 3 45
0 0 -100 75 100 5 3 45
0 0 -100 -55 100 5 3 45
0 0 -100 75 100 5 3 45
0 0 -50 -75 100 5 3 45
0 0 -10 75 100 5 3 45
0 0 -100 -75 100 5 3 45
0 0 -100 55 100 5 3 45
0 0 -100 -75 100 5 3 45
0 0 -50 75 100 5 3 45

4 20
.0 .0 100 75 100 5 3 45
.0 .0 25 50 100 5 3 45
.0 .0 25 75 100 5 3 45
.0 .0 75 75 100 5 3 45
1 1 -100 75 100 5 3 45
1 1 -10 75 100 5 3 45
1 1 -100 55 100 5 3 45
1 1 -100 75 100 5 3 45
1 1 -100 75 100 5 3 45
0 1 100 -75 100 5 3 45
0 1 75 -75 100 5 3 45
0 1 25 -75 100 5 3 45
0 1 25 -90 100 5 3 45
0 1 25 -75 100 5 3 45
1 0 -100 -75 100 5 3 45
1 0 -10 -75 100 5 3 45
1 0 -100 -75 100 5 3 45
1 0 -100 -55 100 5 3 45
1 0 -100 -75 100 5 3 45
1 0 -50 -75 100 5 3 45

5 10
.1 .9 200 0 100 3 3 0
.3 .9 200 0 100 3 3 0
.5 .9 200 0 100 3 3 0
.7 .9 200 0 100 3 3 0
.9 .9 200 0 100 3 3 0
.1 .1 -200 0 100 3 3 0
.3 .1 -200 0 100 3 3 0
.5 .1 -200 0 100 3 3 0
.7 .1 -200 0 100 3 3 0
.9 .1 -200 0 100 3 3 0

50 20
.000 .700 100 -73 100 3 3 0
.050 .976 100 73 100 3 3 0
.100 .794 100 -73 100 3 3 0
.150 .206 100 73 100 3 3 0
.200 .024 100 -73 100 3 3 0
.250 .700 100 73 100 3 3 0
.300 .976 100 -73 100 3 3 0
.350 .794 100 73 100 3 3 0
.400 .206 100 -73 100 3 3 0
.450 .024 100 73 100 3 3 0
.500 .700 100 -73 100 3 3 0
.550 .976 100 73 100 3 3 0
.600 .794 100 -73 100 3 3 0
.650 .206 100 73 100 3 3 0
.700 .024 100 -73 100 3 3 0
.750 .700 100 73 100 3 3 0
.800 .976 100 -73 100 3 3 0
.850 .794 100 73 100 3 3 0
.900 .206 100 -73 100 3 3 0
.950 .024 100 73 100 3 3 0

75 45
.000 .000 -30 60 100 4 3 45
.067 .000 -30 60 100 4 3 45
.133 .000 -30 60 100 4 3 45
.200 .000 -30 60 100 4 3 45
.267 .000 -30 60 100 4 3 45
.333 .000 -30 60 100 4 3 45
.400 .000 -30 60 100 4 3 45
.467 .000 -30 60 100 4 3 45
.533 .000 -30 60 100 4 3 45
.600 .000 -30 60 100 4 3 45
.667 .000 -30 60 100 4 3 45
.733 .000 -30 60 100 4 3 45
.800 .000 -30 60 100 4 3 45
.867 .000 -30 60 100 4 3 45
.933 .000 -30 60 100 4 3 45
.000 .050 30 60 100 4 3 45
.067 .050 30 60 100 4 3 45
.133 .050 30 60 100 4 3 45
.200 .050 30 60 100 4 3 45
.267 .050 30 60 100 4 3 45
.333 .050 30 60 100 4 3 45
.400 .050 30 60 100 4 3 45
.467 .050 30 60 100 4 3 45
.533 .050 30 60 100 4 3 45
.600 .050 30 60 100 4 3 45
.667 .050 30 60 100 4 3 45
.733 .050 30 60 100 4 3 45
.800 .050 30 60 100 4 3 45
.867 .050 30 60 100 4 3 45
.933 .050 30 60 100 4 3 45
.000 .100 -30 60 100 4 3 45
.067 .100 -30 60 100 4 3 45
.133 .100 -30 60 100 4 3 45
.200 .100 -30 60 100 4 3 45
.267 .100 -30 60 100 4 3 45
.333 .100 -30 60 100 4 3 45
.400 .100 -30 60 100 4 3 45
.467 .100 -30 60 100 4 3 45
.533 .100 -30 60 100 4 3 45
.600 .100 -30 60 100 4 3 45
.667 .100 -30 60 100 4 3 45
.733 .100 -30 60 100 4 3 45
.800 .100 -30 60 100 4 3 45
.867 .100 -30 60 100 4 3 45
.933 .100 -30 60 100 4 3 45

75 30
.000 .700 100 -73 100 3 3 0
.033 .872 100 73 100 3 3 0
.067 .997 100 -73 100 3 3 0
.100 .794 100 73 100 3 3 0
.133 .396 100 -73 100 3 3 0
.167 .067 100 73 100 3 3 0
.200 .024 100 -73 100 3 3 0
.233 .297 100 73 100 3 3 0
.267 .703 100 -73 100 3 3 0
.300 .976 100 73 100 3 3 0
.333 .933 100 -73 100 3 3 0
.367 .604 100 73 100 3 3 0
.400 .206 100 -73 100 3 3 0
.433 .003 100 73 100 3 3 0
.467 .128 100 -73 100 3 3 0
.500 .700 100 73 100 3 3 0
.533 .872 100 -73 100 3 3 0
.567 .997 100 73 100 3 3 0
.600 .794 100 -73 100 3 3 0
.633 .396 100 73 100 3 3 0
.667 .067 100 -73 100 3 3 0
.700 .024 100 73 100 3 3 0
.733 .297 100 -73 100 3 3 0
.767 .703 100 73 100 3 3 0
.800 .976 100 -73 100 3 3 0
.833 .933 100 73 100 3 3 0
.867 .604 100 -73 100 3 3 0
.900 .206 100 73 100 3 3 0
.933 .003 100 -73 100 3 3 0
.967 .128 100 73 100 3 3 0